184,54,1,8,3
185,55,0.156491063201292,7,3
186,55,0.190492483735239,7,2
187,55,0.206005612526085,7,6
188,55,0.215278593020573,5,2
189,56,0.269746870557693,5,3
190,56,0.358243135853025,3,3
191,56,0.412942270452227,5,7
192,56,0.457128336230197,3,5
193,57,0.289442301753044,4,6
194,57,0.29496961731619,1,4
195,57,0.306293304952386,1,3
196,57,0.353133353043679,0,3
197,58,0.366634010505196,1,4
198,58,0.366923365973698,0,3
199,58,0.371267356123894,4,5
200,58,0.374677587345283,-6,13
201,59,0.215995830244092,-6,4
202,59,0.220232407601519,-4,5
203,59,0.239769910960978,-5,7
204,59,0.261632402950127,-6,5
205,60,0.235012864249396,0,4
206,60,0.28232800873707,-3,8
207,60,0.311586643720222,-5,10
208,60,0.356749728919594,0,3
209,61,0.107632177484408,-1,6
210,61,0.136832310874374,-3,6
211,61,0.139008629868725,-2,5
212,61,0.167540372481281,-4,5
213,62,0.121511129171593,-4,16
214,62,0.134155538255213,-2,5
215,62,0.151587379086971,-3,5
216,62,0.159571538508409,-5,13
217,63,0.234272500948241,-4,12
218,63,0.257022923903061,-4,17
219,63,0.317446846835687,-2,9
220,63,0.346561367765771,-4,10
221,64,0.198408399633902,-4,13
222,64,0.253296890030542,-4,12
223,64,0.267820647508815,-6,9
224,64,0.27538369530475,-4,16
225,65,0.0723408890398429,-4,16
226,65,0.0922072185493264,-4,12
227,65,0.0947522150016338,-5,13
228,65,0.101362371914883,-6,13
229,66,0.0591970960902953,-5,16
230,66,0.108727592916311,-4,16
231,66,0.111089565381477,-5,13
232,66,0.116794075271439,-4,17
233,67,0.00597096190247347,-4,17
234,67,0.0992125065435023,-5,17
235,67,0.114351067079857,-4,16
236,67,0.120408085328172,-5,16
441,126,1,8,3
442,127,1,8,3
443,128,0.249514417246597,2,1
444,128,0.2587501721452,6,8
445,128,0.310971218843697,7,4
446,128,0.313917727166313,7,5
447,129,0.279318133243687,2,1
448,129,0.296295015162958,4,2
449,129,0.339280093784942,6,2
450,129,0.364330892891634,0,2
451,130,0.207844245512186,0,3
466,133,0.287218162158367,-5,8
475,136,0.158639553634479,-3,7
477,136,0.262039319439232,-6,7
486,138,0.479581764422553,-2,8
487,139,0.108109086517893,-5,13
488,139,0.182313996328195,-4,12
489,139,0.184487279461425,-6,15
490,139,0.194161681656576,-2,8
491,140,0.0454470652811987,-6,13
492,140,0.0623810662892554,-4,13
493,140,0.0736441561951878,-5,16
494,140,0.0819742547859952,-4,17
512,149,1,8,3
517,154,1,8,3
518,155,0.0346400727625432,7,4
519,155,0.040623655498276,9,4
520,155,0.0877913863233751,8,4
521,155,0.0889021811745609,7,6
528,157,0.306439989209672,10,8
533,158,0.332478696721828,1,3
534,159,0.0998748947346036,-3,4
535,159,0.206443204054886,-6,7
536,159,0.210517783068062,-2,4
537,159,0.223373404154977,5,6
546,162,0.122050182876755,-4,12
547,162,0.124038628176887,-5,5
548,162,0.136794781656562,-1,6
549,162,0.137564111228441,-4,6
553,163,0.0924780729276854,-5,5
565,167,0.201616217236685,7,8
566,167,0.261751061363143,-3,3
598,175,0.298753035985192,-4,17
612,180,1,8,3
615,183,1,8,3
617,184,0.0990549071050815,6,6
618,184,0.12874814369889,5,1
619,184,0.139429870502399,8,4
620,185,0.137208616544842,3,5
621,185,0.167292545632957,3,3
622,185,0.259293983210291,6,6
623,185,0.28256535165893,5,6
633,189,0.118227237794965,3,5
634,189,0.147853556077673,3,3
635,189,0.171564592833221,6,2
636,189,0.247084226805259,3,2
646,193,0.070781488877958,7,6
647,193,0.0821194624907449,7,5
648,193,0.088890201111161,7,3
650,194,0.26551904541966,3,2
651,194,0.343569865379314,3,5
652,194,0.350450815033746,3,3
653,194,0.367841688464038,0,1
666,198,0.157188634165043,-6,6
667,198,0.236629245025717,-5,7
668,198,0.279607728994484,-6,4
669,198,0.287141005928308,-6,10
670,199,0.142128202698264,-2,5
671,199,0.173063564615207,-3,7
672,199,0.202280383182944,-6,8
673,199,0.20608505336935,-2,6
698,206,1,8,3
699,207,1,10,7
705,210,0.0429218669596473,7,5
706,210,0.0667273708733711,7,4
707,210,0.114466023068934,5,6
708,210,0.119845147690774,9,7
709,211,0.0781641347449515,7,8
367,106,1,8,3
368,107,0.260294112908247,-4,5
369,107,0.270391999276874,3,5
370,107,0.314704393632175,2,1
371,107,0.324000751599552,3,7
372,108,0.215390316875703,4,3
373,108,0.217046520271175,6,2
374,108,0.369861094278396,3,3
375,108,0.383816830189249,1,1
376,109,0.258114186172349,1,2
377,109,0.320510348441699,8,7
378,109,0.326682618250734,4,7
379,109,0.335731533282562,3,2
380,110,0.370615211314344,0,3
381,110,0.388183945914892,-5,16
382,110,0.397286212197106,2,4
383,110,0.414736117932992,2,2
384,111,0.13390174535111,-4,5
385,111,0.152037947380653,-5,3
386,111,0.156102548716251,-3,3
387,111,0.168039812027547,-5,6
388,112,0.138434131427218,-4,12
389,112,0.17883063363713,-3,7
390,112,0.200509964708199,-3,3
391,112,0.201749010300817,-2,8
399,114,0.265237061824614,-6,8
404,116,0.279980409270698,-6,10
405,116,0.409765486878476,-3,9
406,116,0.412272610005146,-6,12
407,116,0.416190174904712,-5,13
408,117,0.2694605639645,-5,7
409,117,0.269726545513212,-4,12
410,117,0.270613033139277,-5,12
411,117,0.303012950247029,-5,13
452,130,0.21408527541936,-4,17
455,131,0.389057525713874,3,2
456,131,0.406772051287724,2,2
457,131,0.431760603127713,5,1
458,131,0.463268113964727,-3,3
463,133,0.128650983754132,-4,8
464,133,0.198921075379875,-4,3
465,133,0.260308353745882,-3,6
504,144,0.268569276945125,-3,9
505,144,0.328166983387989,-6,8
506,144,0.331271237234098,-5,5
507,144,0.331787840078662,-6,13
513,150,1,8,3
522,156,0.0738980010952833,2,1
523,156,0.134780479540126,7,4
524,156,0.163449229219251,3,3
525,156,0.191451116551537,4,0
526,157,0.181678945211568,1,4
527,157,0.184045086037619,3,3
529,157,0.350327083561937,2,3
542,161,0.162570058870709,-5,5
543,161,0.199064413651051,-5,13
544,161,0.232233664632317,-1,6
545,161,0.25929360280457,-4,12
554,164,0.104556391018853,-4,12
557,164,0.190502602636813,-6,3
558,165,1,8,3
559,166,0.182262213361348,1,1
560,166,0.197841408217427,5,2
561,166,0.241174457919163,9,4
562,166,0.256521252478126,6,3
563,167,0.114783971607697,1,2
564,167,0.154163310641282,3,3
568,168,0.215728130667008,8,1
571,169,0.122800223510225,1,3
572,169,0.159737441179528,10,5
573,169,0.184340488799528,2,3
574,169,0.201471597351543,3,3
575,170,0.110076129479854,-6,5
576,170,0.116337881982019,-4,3
577,170,0.130232769711661,-4,12
578,170,0.145228439680608,-6,4
583,172,0.105500969947198,-4,5
584,172,0.144747165954875,-4,12
585,172,0.162372783076073,-3,4
586,172,0.227324175933661,-4,16
607,178,0.00225687208431742,-4,17
613,181,1,8,3
616,184,0.0928981372072291,5,6
644,191,0.351954408530988,-4,12
649,193,0.11559504099404,6,8
674,200,0.149944165115693,-4,12
675,200,0.236130380494432,-6,4
676,200,0.279948490730327,-4,5
677,200,0.299945540452318,-6,9
690,204,0.102950906454779,-4,17
691,204,0.171567152376404,-5,16
692,204,0.203702897504143,-6,13
700,208,0.125426368259911,7,5
701,208,0.202212692681145,7,3
702,208,0.220533652691766,9,7
703,208,0.265685350943827,7,6
704,209,1,10,7
722,214,0.240339511072236,3,5
723,214,0.243840244832778,7,3
724,214,0.28170951221416,-4,5
725,215,1,10,7
726,216,0.14224972844675,9,7
727,216,0.151832038437308,7,5
728,216,0.217095286398348,7,6
729,216,0.242629715431466,6,6
735,218,0.0908017110611723,9,7
746,221,0.118103825054696,7,5
747,221,0.146288299635548,7,3
748,221,0.161211782320571,7,6
749,221,0.198440997825804,4,7
772,228,0.115115827672202,7,6
773,228,0.145662133790665,5,1
775,229,0.154962535077431,9,7
776,229,0.177588438247242,10,4
777,229,0.195316327532078,9,4
778,229,0.201740192264619,8,1
783,231,0.280755192018266,2,0
784,231,0.282981648977383,4,3
785,231,0.284461299826605,3,3
786,231,0.304207906976585,6,3
787,232,0.248887455656411,5,1
788,232,0.283076726106724,1,4
789,232,0.307674063316029,5,7
790,232,0.309298415770513,2,3
791,233,0.286907886680979,0,3
792,233,0.300507356374357,3,6
793,233,0.305867942515001,-2,5
794,233,0.335442849305248,-2,6
815,239,0.149115545709909,-4,12
820,240,0.127803229374772,-5,13
821,240,0.128615486207727,-4,16
822,240,0.132539175577717,-4,13
831,243,1,10,7
840,246,0.0812467161722354,5,1
841,246,0.088225243310938,7,5
842,246,0.0903009304180026,9,7
843,246,0.106969568165839,7,4
844,247,0.0987822237198984,8,4
845,247,0.124857622721911,2,1
848,248,0.0540734687522827,7,4
849,248,0.0994795279887046,3,3
850,248,0.10017537491978,4,7
851,248,0.122571395954689,8,1
860,251,0.171543889679421,7,5
861,251,0.183724401686363,1,3
862,251,0.22675678305174,5,5
863,251,0.24990267837205,8,5
864,252,0.285942688691901,1,3
865,252,0.286931589789854,0,1
867,252,0.323419178265316,0,5
868,253,1,10,7
877,256,0.13226297361752,6,5
878,256,0.140311261172194,7,3
880,256,0.163169663904945,7,4
885,258,0.0441316216452322,7,3
886,258,0.0699996989961442,7,6
887,258,0.111152643142074,5,1
888,258,0.115132190957659,6,8
893,260,0.0458706881827158,5,1
894,260,0.0650011899152885,4,2
897,261,0.162367717185294,7,5
898,261,0.194563253201326,2,3
899,261,0.195690719747211,2,1
900,261,0.202094505892344,1,4
901,262,0.198515352684816,5,7
902,262,0.232661416742786,5,1
903,262,0.292521223501537,-4,13
904,262,0.318460734665064,-4,3
907,263,0.21667673404149,-5,15
908,263,0.226568912670994,-4,12
926,268,0.433324016532238,-4,4
927,268,0.486380580457364,-5,6
928,268,0.515239440560613,-6,10
929,269,0.0421237598643079,-6,12
930,269,0.0639070061884737,-5,13
931,269,0.139453993031068,-4,15
932,269,0.15058777393038,-5,16
933,270,0.0622850581926641,-4,16
934,270,0.0646094548966291,-6,13
392,113,0.227042520926243,-5,16
394,113,0.26191882633678,-5,3
395,113,0.299229092298416,-6,13
400,115,0.296933762612467,-4,12
401,115,0.34335271341039,-4,10
402,115,0.388021253879048,-3,9
403,115,0.390894966921855,-5,16
453,130,0.269502823264458,4,2
454,130,0.279506557341278,2,1
484,138,0.356879893531087,-6,15
508,145,1,8,3
514,151,1,8,3
516,153,1,8,3
530,158,0.215154310650448,0,3
531,158,0.227739070415134,2,3
532,158,0.324687534310116,8,1
579,171,0.112154576293676,-5,10
580,171,0.112639291594366,-4,13
589,173,0.171890401346494,-6,8
590,173,0.175313267405159,-5,13
591,174,0.0737388777123609,-6,10
592,174,0.104939022867585,-5,10
593,174,0.135973714870001,-6,12
594,174,0.166235477817423,-4,13
608,178,0.0501946087422306,-5,13
609,178,0.0630618631666081,-4,16
610,178,0.0931879474139971,-4,12
614,182,1,8,3
624,186,0.265802650175914,5,2
625,186,0.319668982214077,2,2
626,186,0.320874632963746,0,2
627,186,0.32715416539464,3,2
654,195,0.148385688450193,5,1
655,195,0.225879008059471,1,4
656,195,0.231005451527514,5,2
657,195,0.275807093548149,0,3
658,196,0.213554102184153,5,1
659,196,0.269068561584276,0,3
660,196,0.274858816366943,0,5
661,196,0.300823511045933,6,1
682,202,0.203922763796568,-6,12
683,202,0.204590892142663,-5,10
684,202,0.223366755055225,-5,13
685,202,0.248780040968203,-6,15
686,203,0.0717017951616232,-6,8
687,203,0.0776836677776322,-5,13
688,203,0.0927297520294927,-4,17
689,203,0.178995375524408,-5,7
693,204,0.230909970724261,-4,16
694,205,0.00834185159865384,-5,16
695,205,0.00838700559084431,-4,17
696,205,0.0429531285691461,-5,13
697,205,0.0770025723627988,-6,15
710,211,0.181060218270349,6,6
711,211,0.184305345061435,7,3
712,211,0.1961265135543,7,6
717,213,0.0521711275593418,8,1
718,213,0.0909027911268511,1,3
719,213,0.108111383857457,5,1
720,213,0.144734571792776,4,7
721,214,0.234648337387589,5,7
730,217,0.0964177062700635,6,5
731,217,0.101299383272751,7,5
732,217,0.187764979166996,9,7
733,217,0.213068756047449,5,6
734,218,0.0815812809775819,5,7
736,218,0.112933757672138,7,4
737,218,0.126996744839441,5,5
738,219,0.0758092588161427,5,1
739,219,0.12009338641856,3,5
740,219,0.129236318898256,3,3
741,219,0.152213521329314,6,2
754,223,0.14761826462341,-5,12
755,223,0.210694522585371,-3,3
756,223,0.275728712944948,-4,12
757,223,0.288557743413623,2,3
761,225,0.245555912698974,7,4
762,225,0.275089901137873,5,6
763,226,0.0950408070020772,6,5
765,226,0.141207967897925,10,8
767,227,0.129479679442573,7,4
768,227,0.161639633643539,10,7
769,227,0.258679398744847,7,5
770,227,0.300686012751714,6,3
771,228,0.0703984285473748,4,7
774,228,0.146685080792049,8,1
779,230,0.136206227668668,8,1
780,230,0.137596423595129,7,3
781,230,0.153115940671414,6,2
782,230,0.155726834522678,3,3
804,236,0.168472126707625,-4,12
805,236,0.168945220537932,-6,7
806,236,0.189367720904837,-2,4
811,238,0.0824394441788415,-6,10
812,238,0.141574292666099,-4,8
813,238,0.156467335938565,-4,17
814,238,0.236121336231199,-4,12
816,239,0.181361204257268,-6,5
817,239,0.183025325130893,-2,8
818,239,0.326290380245775,-6,4
819,240,0.0780316592586271,-4,8
832,244,0.0971976999644719,7,8
833,244,0.10080749848389,6,6
834,244,0.154472951025601,8,7
836,245,0.101753091301318,9,7
837,245,0.106808815298372,5,7
838,245,0.10901895923819,7,4
839,245,0.113059841837666,7,5
846,247,0.131075998691763,7,4
847,247,0.170888442137536,-4,17
852,249,0.0705977654349494,8,4
853,249,0.0750757406242634,6,6
854,249,0.0841613664064385,5,1
855,249,0.0864437848162374,7,6
856,250,0.177267596643175,2,0
857,250,0.187470871040274,3,3
858,250,0.198536899419137,6,3
859,250,0.199396375473375,5,1
869,254,0.0390821671697892,7,5
870,254,0.0558265576723041,6,5
871,254,0.102216865361263,9,7
872,254,0.113159545246291,6,6
873,255,0.168053324953722,8,4
874,255,0.169207735816573,7,3
875,255,0.175050660012725,9,7
876,255,0.175092461407923,6,5
879,256,0.1573065937537,10,7
881,257,0.0965329358850977,7,3
882,257,0.129132326650659,5,1
883,257,0.13338460365239,9,7
884,257,0.145697461230954,6,4
889,259,0.0555892782335844,5,1
890,259,0.0786694065916134,8,1
891,259,0.0891897543482805,7,6
892,259,0.0945473230027015,6,6
895,260,0.122037561159887,5,2
896,260,0.129865717880974,7,3
935,270,0.0650463561304602,-5,16
936,270,0.0770911201852858,-5,15
937,271,0.00295252946352168,-4,17
938,271,0.0482199988025259,-5,13
939,271,0.0490560876663207,-4,13
940,271,0.0528957437038832,-6,13
393,113,0.26035499645075,-4,12
396,114,0.207375904322574,-3,5
397,114,0.254367386392459,-5,8
398,114,0.262848317377776,-6,6
412,118,0.154848858370704,-4,16
413,118,0.176577836749778,-4,12
414,118,0.304166176339256,-4,13
415,118,0.317970455653386,-5,10
416,119,0.0586940411400763,-4,13
417,119,0.0801839622585467,-5,12
418,119,0.0865625582326313,-4,16
419,119,0.0943644072007078,-6,13
420,120,0.00252023199433562,-4,17
421,120,0.0589183161138675,-4,16
422,120,0.122885456023257,-5,17
423,120,0.14365748724594,-6,15
459,132,0.325991144934654,-4,12
460,132,0.329135528008684,-5,16
461,132,0.34142958776021,-3,3
462,132,0.346848933753122,1,4
467,134,0.168705147249033,-5,6
468,134,0.182580307649005,-6,7
469,134,0.228757454491058,-5,8
470,134,0.257387975730764,-6,8
471,135,0.250830772415666,-4,5
472,135,0.305894323932177,-4,4
473,135,0.312254509455506,-2,7
474,135,0.34790193670024,-4,12
476,136,0.248158497251996,-6,8
478,136,0.272307878755897,-5,16
479,137,0.286675685260093,1,5
480,137,0.356879893531087,-6,15
481,137,0.435732415354842,-5,13
482,137,0.479581764422553,-2,8
483,138,0.286675685260093,1,5
485,138,0.435732415354842,-5,13
495,141,1,8,3
496,142,0.152632226456066,4,0
497,142,0.179812547959701,6,3
498,142,0.202722970289487,6,0
499,142,0.212597307231696,7,3
500,143,0.130620169762348,6,2
501,143,0.178853627854829,5,0
502,143,0.20268291842602,7,8
503,143,0.205268049300971,5,1
509,146,1,8,3
510,147,1,8,3
511,148,1,8,3
515,152,1,8,3
538,160,0.126788417823864,-4,12
539,160,0.143838268188003,-5,4
540,160,0.159007612833422,-3,3
541,160,0.167688680651004,-6,7
550,163,0.0251694998320641,-4,13
551,163,0.0411300137796377,-5,16
552,163,0.0897832169968947,-4,12
555,164,0.146541959006271,-4,8
556,164,0.16873893038786,-2,8
567,168,0.102539681203604,2,3
569,168,0.234265843051372,3,3
570,168,0.258304418968602,7,4
581,171,0.119414037255163,-6,6
582,171,0.146209171739183,-5,7
587,173,0.150072442426616,-3,4
588,173,0.153958596788943,-6,7
595,175,0.204281232902224,-6,10
596,175,0.213756488131245,-6,8
597,175,0.291755643644886,-5,13
599,176,0.0639352173480804,-4,13
600,176,0.0924899076796313,-4,12
601,176,0.118790389678653,-4,17
602,176,0.119963723437534,-6,10
603,177,0.0595272436186481,-6,13
604,177,0.0651430441236775,-6,15
605,177,0.0737919030653161,-6,10
606,177,0.0826560988811349,-4,15
611,179,1,8,3
628,187,0.282579480329355,-5,13
629,187,0.302292873938269,-4,16
630,187,0.312720910897869,1,5
631,187,0.336311796109689,-5,3
632,188,1,8,3
637,190,0.0818060877421021,4,7
638,190,0.136198311848291,5,1
639,190,0.146915994031398,8,1
640,190,0.158927078518865,3,3
641,191,0.263825011073649,1,5
642,191,0.272776883843404,-5,13
643,191,0.350957406339713,-4,17
645,192,1,8,3
662,197,0.0876961399325995,-2,6
663,197,0.101518107550008,-3,4
664,197,0.132359529265677,-4,6
665,197,0.154599841651475,-6,5
678,201,0.204268399538525,-6,10
679,201,0.250291801618915,-6,8
680,201,0.277519836288978,-5,13
681,201,0.285709734631177,-3,9
713,212,0.0811391206874582,9,7
714,212,0.0821131864875961,7,4
715,212,0.163128046469507,5,7
716,212,0.169280571146231,7,8
742,220,0.1081195568254,7,1
743,220,0.187832173615128,10,4
744,220,0.192538706882503,2,0
745,220,0.199322438025788,5,2
750,222,0.239895177236261,3,3
751,222,0.29598978498617,-5,4
752,222,0.298391488640623,2,2
753,222,0.30771636313544,2,1
758,224,1,10,7
759,225,0.154271576195229,9,7
760,225,0.244535080843857,7,5
764,226,0.116347057915076,7,4
766,226,0.169089711601489,7,8
795,234,0.27699574078929,-6,5
796,234,0.28332597964526,-2,3
797,234,0.327612020847759,-2,6
798,234,0.336024229981229,-2,7
799,235,0.298364234396464,-5,3
800,235,0.304091112107398,-5,7
801,235,0.323459310182213,-6,10
802,235,0.333530804423371,-4,5
803,236,0.15136712857566,-6,4
807,237,0.202107539579112,-4,8
808,237,0.237202294179009,-4,16
809,237,0.245796728860027,-5,16
810,237,0.275351117315504,-2,9
823,241,0.0530582501372849,-6,13
824,241,0.0877878954701662,-6,15
825,241,0.092189108834488,-4,17
826,241,0.0958122572036293,-6,10
827,242,0.0157075129076588,-4,17
828,242,0.0669940320140692,-5,16
829,242,0.0879760570893421,-5,13
830,242,0.096788155902328,-6,15
835,244,0.163185274136412,9,7
866,252,0.320522459655844,-5,3
905,263,0.158920080325712,-5,5
906,263,0.176666890476894,-3,3
909,264,0.144738487009861,-5,5
910,264,0.243702790257971,-6,7
911,264,0.255582498556513,-3,4
912,264,0.345373908373697,-5,3
913,265,0.0949239118590443,-3,3
914,265,0.155709955194278,-4,12
915,265,0.208070012208138,-4,3
916,265,0.224076287984414,-2,3
917,266,0.15578501635941,-5,8
918,266,0.159154918147741,-3,6
919,266,0.195311827075519,-4,6
920,266,0.210548186667318,-4,12
921,267,0.155540316108289,-6,10
922,267,0.16630021142689,-4,12
923,267,0.185446846244688,-3,6
924,267,0.201001750466478,-6,15
925,268,0.285628780320256,-5,8
