54,4,1,8,3,2017-11-24 23:58:14.769
55,4,1,7,2,2017-11-24 23:58:37.936
56,4,1,5,3,2017-11-24 23:59:11.766
57,4,1,1,3,2017-11-24 23:59:38.043
58,4,1,1,4,2017-11-24 23:59:59.587
59,4,1,-4,5,2017-11-25 00:00:40.128
60,4,1,-3,8,2017-11-25 00:01:08.538
61,4,1,-3,6,2017-11-25 00:01:40.939
62,4,1,-2,5,2017-11-25 00:02:07.111
63,4,1,-4,12,2017-11-25 00:02:32.493
64,4,1,-4,12,2017-11-25 00:03:13.014
65,4,1,-6,13,2017-11-25 00:03:42.497
66,4,1,-5,13,2017-11-25 00:03:59.741
67,4,1,-4,17,2017-11-25 00:04:22.148
149,4,14,8,3,2017-11-28 22:03:06.578
150,4,15,8,3,2017-11-28 22:06:30.686
151,4,16,8,3,2017-11-28 22:22:56.553
152,4,17,8,3,2017-11-28 22:24:30.998
153,4,18,8,3,2017-11-28 22:30:30.84
154,4,19,8,3,2017-11-28 22:34:12.819
155,4,19,7,4,2017-11-28 22:35:51.58
156,4,19,7,4,2017-11-28 22:38:42.075
157,4,19,2,3,2017-11-28 22:40:01.569
158,4,19,0,3,2017-11-28 22:41:35.022
159,4,19,-2,4,2017-11-28 22:42:50.145
160,4,19,-5,4,2017-11-28 22:44:33.945
161,4,19,-5,5,2017-11-28 22:46:10.767
162,4,19,-4,12,2017-11-28 22:48:10.075
163,4,19,-5,5,2017-11-28 22:50:10.167
164,4,19,-6,3,2017-11-28 22:51:48.264
165,4,20,8,3,2017-11-28 22:53:05.911
166,4,20,6,3,2017-11-28 22:55:45.816
167,4,20,3,3,2017-11-28 22:58:05.985
168,4,20,3,3,2017-11-28 22:59:02.218
169,4,20,1,3,2017-11-28 23:00:06.827
170,4,20,-4,3,2017-11-28 23:01:23.629
171,4,20,-6,6,2017-11-28 23:02:15.682
172,4,20,-4,5,2017-11-28 23:03:09.709
173,4,20,-3,4,2017-11-28 23:04:35.194
174,4,20,-6,10,2017-11-28 23:05:30.453
175,4,20,-6,10,2017-11-28 23:06:29.663
176,4,20,-6,10,2017-11-28 23:07:31.132
177,4,20,-6,13,2017-11-28 23:08:01.699
178,4,20,-4,17,2017-11-28 23:08:29.981
179,4,21,8,3,2017-11-28 23:15:07.701
180,4,22,8,3,2017-11-28 23:25:41.647
181,4,23,8,3,2017-11-28 23:42:35.595
182,4,24,8,3,2017-11-29 00:12:47.875
183,4,25,8,3,2017-11-29 23:37:14.464
184,4,25,5,4,2017-11-29 23:37:54.627
185,4,25,4,4,2017-11-29 23:38:44.757
186,4,25,2,2,2017-11-29 23:39:30.546
106,4,6,8,3,2017-11-27 23:42:15.678
107,4,6,3,5,2017-11-27 23:42:23.762
108,4,6,3,3,2017-11-27 23:42:36.422
109,4,6,1,2,2017-11-27 23:42:51.238
110,4,6,2,4,2017-11-27 23:43:04.403
111,4,6,-3,3,2017-11-27 23:43:16.516
112,4,6,-3,3,2017-11-27 23:43:52.005
113,4,6,-5,3,2017-11-27 23:44:05.49
114,4,6,-3,5,2017-11-27 23:44:22.609
115,4,6,-4,10,2017-11-27 23:44:38.181
116,4,6,-6,10,2017-11-27 23:44:59.507
117,4,6,-4,12,2017-11-27 23:45:09.278
118,4,6,-5,10,2017-11-27 23:45:22.606
119,4,6,-5,12,2017-11-27 23:45:36.576
120,4,6,-6,15,2017-11-27 23:45:54.862
187,4,25,-3,9,2017-11-29 23:40:01.986
188,4,26,8,3,2017-11-29 23:40:29.023
189,4,26,3,3,2017-11-29 23:40:49.511
190,4,26,4,3,2017-11-29 23:41:28.776
191,4,26,-2,11,2017-11-29 23:42:08.375
126,4,7,8,3,2017-11-28 00:28:42.6
127,4,8,8,3,2017-11-28 00:29:25.087
128,4,8,7,5,2017-11-28 00:29:50.463
129,4,8,4,2,2017-11-28 00:30:15.718
130,4,8,4,2,2017-11-28 00:30:32.786
131,4,8,2,2,2017-11-28 00:30:52.638
132,4,8,1,4,2017-11-28 00:31:18.91
133,4,8,-4,3,2017-11-28 00:31:44.298
134,4,8,-5,6,2017-11-28 00:32:07.426
135,4,8,-4,4,2017-11-28 00:32:26.758
136,4,8,-3,7,2017-11-28 00:32:43.214
137,4,8,-6,15,2017-11-28 00:33:00.885
138,4,8,-6,15,2017-11-28 00:33:28.716
139,4,8,-5,13,2017-11-28 00:33:29.676
140,4,8,-6,13,2017-11-28 00:33:49.446
141,4,9,8,3,2017-11-28 00:34:30.74
142,4,9,6,3,2017-11-28 00:35:18.968
143,4,9,6,2,2017-11-28 00:36:04.406
144,4,9,-3,9,2017-11-28 00:36:50.039
145,4,10,8,3,2017-11-28 00:41:36.577
146,4,11,8,3,2017-11-28 00:45:30.737
147,4,12,8,3,2017-11-28 00:51:17.276
148,4,13,8,3,2017-11-28 00:53:12.353
192,4,27,8,3,2017-11-29 23:43:22.988
193,4,27,6,5,2017-11-29 23:43:50.541
194,4,27,2,2,2017-11-29 23:44:21.804
195,4,27,2,2,2017-11-29 23:44:55.22
196,4,27,2,2,2017-11-29 23:45:32.19
197,4,27,-3,5,2017-11-29 23:46:27.426
198,4,27,-5,6,2017-11-29 23:47:14.19
199,4,27,-3,6,2017-11-29 23:47:55.923
200,4,27,-4,7,2017-11-29 23:48:32.407
201,4,27,-5,9,2017-11-29 23:49:09.971
202,4,27,-5,12,2017-11-29 23:49:35.555
203,4,27,-5,11,2017-11-29 23:49:55.909
204,4,27,-4,15,2017-11-29 23:50:13.634
205,4,27,-4,15,2017-11-29 23:50:30.657
206,4,28,8,3,2017-12-01 11:54:04.554
207,4,29,10,7,2017-12-01 11:56:21.559
208,4,29,7,5,2017-12-01 11:57:00.266
209,4,30,10,7,2017-12-01 11:57:55.697
210,4,30,6,5,2017-12-01 11:58:41.979
211,4,30,6,5,2017-12-01 11:59:17.819
212,4,30,7,6,2017-12-01 11:59:51.59
213,4,30,4,2,2017-12-01 12:00:47.865
214,4,30,2,5,2017-12-01 12:01:35.714
215,4,31,10,7,2017-12-01 12:02:19.712
216,4,31,7,6,2017-12-01 12:02:59.511
217,4,31,6,5,2017-12-01 12:03:40.666
218,4,31,6,5,2017-12-01 12:04:16.138
219,4,31,4,2,2017-12-01 12:04:53.296
220,4,31,6,1,2017-12-01 12:05:37.153
221,4,31,6,5,2017-12-01 12:06:16.726
222,4,31,0,2,2017-12-01 12:06:53.284
223,4,31,-2,7,2017-12-01 12:07:37.706
224,4,32,10,7,2017-12-01 12:08:02.591
225,4,32,7,5,2017-12-01 12:08:28.76
226,4,32,7,6,2017-12-01 12:08:55.379
227,4,32,7,4,2017-12-01 12:09:18.006
228,4,32,5,3,2017-12-01 12:09:37.238
229,4,32,9,4,2017-12-01 12:10:04.324
230,4,32,6,2,2017-12-01 12:10:30.683
231,4,32,3,2,2017-12-01 12:11:04.001
232,4,32,3,3,2017-12-01 12:11:29.945
233,4,32,0,4,2017-12-01 12:11:53.171
234,4,32,-3,5,2017-12-01 12:12:38.975
235,4,32,-5,6,2017-12-01 12:13:14.398
236,4,32,-4,6,2017-12-01 12:13:49.273
238,4,32,-4,11,2017-12-01 12:14:38.738
237,4,32,-3,12,2017-12-01 12:14:12.829
239,4,32,-4,7,2017-12-01 12:15:10.042
240,4,32,-4,12,2017-12-01 12:15:29.7
241,4,32,-5,13,2017-12-01 12:15:51.961
242,4,32,-4,15,2017-12-01 12:16:07.666
243,4,33,10,7,2017-12-01 12:17:24.429
244,4,33,7,7,2017-12-01 12:18:02.266
245,4,33,7,5,2017-12-01 12:18:21.075
246,4,33,6,4,2017-12-01 12:18:35.864
247,4,33,3,6,2017-12-01 12:18:56.119
248,4,33,5,3,2017-12-01 12:19:12.215
249,4,33,6,4,2017-12-01 12:19:35.527
250,4,33,3,1,2017-12-01 12:19:52.755
251,4,33,5,4,2017-12-01 12:20:14.069
252,4,33,0,2,2017-12-01 12:20:29.611
253,4,34,10,7,2017-12-01 12:20:54.118
254,4,34,6,5,2017-12-01 12:21:42.999
255,4,34,7,4,2017-12-01 12:22:22.873
256,4,34,7,4,2017-12-01 12:23:17.398
257,4,34,6,3,2017-12-01 12:24:01.31
258,4,34,6,4,2017-12-01 12:24:51.481
259,4,34,6,3,2017-12-01 12:25:48.411
260,4,34,5,1,2017-12-01 12:26:30.236
261,4,34,3,3,2017-12-01 12:27:27.126
262,4,34,0,5,2017-12-01 12:28:35.366
263,4,34,-4,8,2017-12-01 12:29:18.462
264,4,34,-4,4,2017-12-01 12:29:42.141
265,4,34,-3,5,2017-12-01 12:30:04.403
266,4,34,-4,7,2017-12-01 12:30:24.991
267,4,34,-4,10,2017-12-01 12:30:44.728
268,4,34,-4,6,2017-12-01 12:31:10.007
269,4,34,-5,13,2017-12-01 12:31:25.092
270,4,34,-4,15,2017-12-01 12:31:45.663
271,4,34,-4,14,2017-12-01 12:32:06.151
